1 5.94000005722
1 5.97099995613
2 6.00300002098
2 6.03399991989
4 6.05599999428
4 6.08699989319
8 6.11899995804
8 6.15599989891
16 6.18700003624
16 6.21900010109
32 6.25600004196
32 6.28800010681
32 6.31900000572
64 6.35599994659
64 6.38700008392
64 6.41799998283
64 6.45600008965
128 6.48699998856
128 6.51900005341
128 6.55599999428
128 6.58699989319
128 6.61800003052
256 6.65599989891
256 6.68799996376
256 6.71900010109
256 6.75600004196
256 6.78699994087
256 6.81900000572
256 6.85700011253
256 6.88800001144
256 6.91899991035
256 6.95600008965
256 6.98799991608
512 7.01900005341
512 7.0569999218
512 7.08800005913
512 7.11899995804
512 7.15700006485
512 7.18799996376
512 7.21900010109
512 7.25699996948
512 7.28800010681
512 7.31900000572
512 7.35700011253
512 7.38800001144
512 7.41899991035
512 7.45700001717
512 7.48799991608
512 7.51999998093
512 7.5569999218
512 7.58800005913
512 7.61999988556
1024 7.65700006485
1024 7.68799996376
1024 7.71900010109
1024 7.75699996948
1024 7.78800010681
1024 7.81900000572
1024 7.85700011253
1024 7.88800001144
1024 7.91899991035
1024 7.95700001717
1024 7.98799991608
1024 8.01900005341
1024 8.05599999428
1024 8.08800005913
1024 8.11899995804
1024 8.15599989891
1024 8.18799996376
1024 8.21900010109
1024 8.25699996948
1024 8.29099988937
1024 8.3220000267
1024 8.35700011253
1024 8.38800001144
1024 8.41899991035
1024 8.45600008965
1024 8.48799991608
1024 8.51900005341
1024 8.55599999428
1024 8.58699989319
1024 8.61899995804
1024 8.65700006485
1024 8.68799996376
1024 8.71900010109
1024 8.75699996948
2048 8.78800010681
2048 8.81900000572
2048 8.85599994659
2048 8.88800001144
2048 8.91899991035
2048 8.95700001717
2048 8.98799991608
2048 9.01900005341
2048 9.0569999218
2048 9.08800005913
2048 9.11899995804
2048 9.15700006485
2048 9.18799996376
2048 9.22000002861
2048 9.25699996948
2048 9.28900003433
2048 9.31999993324
2048 9.35700011253
2048 9.38800001144
2048 9.42000007629
2048 9.45700001717
2048 9.48900008202
2048 9.52099990845
2048 9.55800008774
2048 9.58899998665
2048 9.61999988556
2048 9.65799999237
2048 9.68899989128
2048 9.72000002861
2048 9.75699996948
2048 9.78900003433
2048 9.81999993324
2048 9.85800004005
2048 9.88899993896
2048 9.92000007629
2048 9.95799994469
2048 9.98900008202
2048 10.0199999809
2048 10.0580000877
2048 10.0889999866
2048 10.1199998856
2048 10.1579999924
2048 10.1889998913
2048 10.2209999561
2048 10.257999897
2048 10.2890000343
2048 10.3199999332
2048 10.3580000401
2048 10.388999939
2048 10.4200000763
2048 10.4579999447
2048 10.489000082
2048 10.5199999809
2048 10.5580000877
2048 10.5889999866
2048 10.6199998856
2048 10.6570000648
2048 10.6889998913
2048 10.7200000286
2048 10.757999897
2048 10.7890000343
2048 10.8199999332
2048 10.8570001125
2048 10.888999939
2048 10.9200000763
2048 10.9570000172
2048 10.9879999161
4096 11.0199999809
4096 11.0580000877
4096 11.0889999866
4096 11.1199998856
4096 11.1570000648
4096 11.1889998913
4096 11.2200000286
4096 11.2569999695
4096 11.2880001068
4096 11.3199999332
4096 11.3580000401
4096 11.388999939
4096 11.4200000763
4096 11.4579999447
4096 11.489000082
4096 11.5199999809
4096 11.5420000553
4096 11.5740001202
4096 11.6050000191
4096 11.635999918
4096 11.6579999924
4096 11.6889998913
4096 11.7200000286
4096 11.757999897
4096 11.7890000343
4096 11.8210000992
4096 11.8580000401
4096 11.8900001049
4096 11.9210000038
4096 11.9579999447
4096 11.9900000095
4096 12.0209999084
4096 12.0580000877
4096 12.0899999142
4096 12.121999979
4096 12.1589999199
4096 12.1900000572
4096 12.2230000496
4096 12.2590000629
4096 12.2899999619
4096 12.3210000992
4096 12.3589999676
4096 12.3900001049
4096 12.4230000973
4096 12.4590001106
4096 12.4900000095
4096 12.5220000744
4096 12.5590000153
4096 12.5899999142
4096 12.6229999065
4096 12.6589999199
4096 12.6900000572
4096 12.7219998837
4096 12.7590000629
4096 12.7909998894
4096 12.8220000267
4096 12.8599998951
4096 12.8910000324
4096 12.9219999313
4096 12.9600000381
4096 12.9909999371
4096 13.0220000744
4096 13.0599999428
4096 13.0910000801
4096 13.121999979
4096 13.1600000858
4096 13.1909999847
4096 13.2219998837
4096 13.2599999905
4096 13.2909998894
4096 13.3220000267
4096 13.3589999676
4096 13.3910000324
4096 13.4219999313
4096 13.4590001106
4096 13.4900000095
4096 13.5220000744
4096 13.5590000153
4096 13.5899999142
4096 13.621999979
4096 13.6589999199
4096 13.6909999847
4096 13.7219998837
4096 13.7599999905
4096 13.7909998894
4096 13.8220000267
4096 13.8599998951
4096 13.8910000324
4096 13.9219999313
4096 13.9590001106
4096 13.9909999371
4096 14.0220000744
4096 14.0590000153
4096 14.0910000801
4096 14.121999979
4096 14.1589999199
4096 14.1900000572
4096 14.2219998837
4096 14.2590000629
4096 14.2909998894
4096 14.3220000267
4096 14.3599998951
4096 14.3910000324
4096 14.4219999313
4096 14.4600000381
4096 14.4909999371
4096 14.5220000744
4096 14.5599999428
4096 14.5910000801
4096 14.6229999065
4096 14.6610000134
4096 14.6919999123
4096 14.7230000496
4096 14.760999918
4096 14.7920000553
4096 14.8229999542
4096 14.861000061
4096 14.8919999599
4096 14.9230000973
4096 14.9609999657
4096 14.992000103
4096 15.0230000019
4096 15.0610001087
4096 15.0920000076
4096 15.1229999065
4096 15.1610000134
4096 15.1930000782
4096 15.2239999771
4096 15.260999918
2048 15.2929999828
1024 15.3240001202
512 15.3619999886
256 15.3929998875
128 15.4240000248
64 15.4619998932
32 15.4930000305
8 15.5399999619
8 15.5610001087
4 15.5920000076
2 15.6240000725
1 15.6610000134
1 15.6919999123
1 15.7239999771
1 15.760999918
1 15.7920000553
1 15.8240001202
1 15.8619999886
1 15.8929998875
1 15.9240000248
1 15.9619998932
1 15.9930000305
1 16.0239999294
1 16.0620000362
1 16.0929999352
1 16.1240000725
1 16.1619999409
1 16.1930000782
1 16.2239999771
1 16.2620000839
1 16.2929999828
1 16.3250000477
1 16.3619999886
1 16.3929998875
1 16.4240000248
1 16.4619998932
1 16.4930000305
1 16.5239999294
1 16.5620000362
1 16.5929999352
1 16.6240000725
1 16.6619999409
1 16.6930000782
1 16.7239999771
1 16.7620000839
1 16.7929999828
1 16.8240001202
1 16.8619999886
1 16.8929998875
1 16.9240000248
1 16.9619998932
1 16.9930000305
1 17.0239999294
1 17.0620000362
1 17.0940001011
1 17.125
1 17.1619999409
1 17.1940000057
1 17.2249999046
1 17.2620000839
1 17.2929999828
1 17.3250000477
1 17.3619999886
1 17.3940000534
1 17.4249999523
1 17.4619998932
1 17.493999958
1 17.5250000954
1 17.5620000362
1 17.5929999352
1 17.625
1 17.6630001068
1 17.6940000057
1 17.7249999046
1 17.7630000114
1 17.7939999104
1 17.8250000477
1 17.8629999161
1 17.8949999809
1 17.9260001183
1 17.9570000172
1 17.9879999161
1 18.0190000534
1 18.0499999523
1 18.0810000896
1 18.1119999886
1 18.1429998875
1 18.1749999523
1 18.2060000896
1 18.2369999886
1 18.2679998875
1 18.2990000248
1 18.3350000381
1 18.3659999371
1 18.3970000744
1 18.4340000153
1 18.4660000801
1 18.496999979
1 18.5280001163
1 18.5590000153
1 18.5899999142
1 18.6210000515
1 18.6519999504
1 18.6840000153
1 18.7149999142
1 18.7460000515
1 18.7769999504
1 18.8080000877
1 18.8389999866
1 18.8699998856
1 18.9010000229
2 18.9319999218
2 18.9549999237
8 18.986000061
8 19.0179998875
32 19.0550000668
32 19.0859999657
32 19.117000103
64 19.1540000439
64 19.1860001087
64 19.2170000076
128 19.2539999485
128 19.2850000858
128 19.3169999123
128 19.3540000916
128 19.3849999905
256 19.4170000553
256 19.4539999962
256 19.4849998951
256 19.5160000324
256 19.5539999008
256 19.5850000381
256 19.617000103
256 19.6540000439
512 19.6860001087
512 19.7170000076
512 19.7550001144
512 19.7860000134
512 19.8169999123
512 19.8550000191
512 19.885999918
512 19.9170000553
512 19.9549999237
512 19.986000061
512 20.0169999599
512 20.0550000668
512 20.0859999657
512 20.1180000305
512 20.1549999714
512 20.1870000362
512 20.2179999352
512 20.2550001144
1024 20.2860000134
1024 20.3180000782
1024 20.3550000191
1024 20.385999918
1024 20.4179999828
1024 20.4389998913
1024 20.4709999561
1024 20.5020000935
1024 20.5329999924
1024 20.5550000668
1024 20.5859999657
1024 20.617000103
1024 20.6549999714
1024 20.6860001087
1024 20.7170000076
1024 20.7550001144
1024 20.7860000134
1024 20.8180000782
1024 20.8550000191
1024 20.885999918
1024 20.9170000553
1024 20.9549999237
1024 20.986000061
1024 21.0169999599
1024 21.0550000668
1024 21.0859999657
1024 21.117000103
1024 21.1549999714
1024 21.1860001087
1024 21.2170000076
1024 21.2550001144
1024 21.2860000134
1024 21.3169999123
1024 21.3550000191
1024 21.385999918
1024 21.4170000553
1024 21.4549999237
2048 21.486000061
2048 21.5179998875
2048 21.5550000668
2048 21.5869998932
2048 21.6180000305
2048 21.6549999714
2048 21.6870000362
2048 21.7179999352
2048 21.739000082
2048 21.7709999084
2048 21.8020000458
2048 21.8340001106
2048 21.8550000191
2048 21.8870000839
2048 21.9179999828
2048 21.9560000896
2048 21.9869999886
2048 22.0179998875
2048 22.0399999619
2048 22.0710000992
2048 22.1019999981
2048 22.1340000629
2048 22.1549999714
2048 22.1870000362
2048 22.2179999352
2048 22.2550001144
2048 22.2860000134
2048 22.3180000782
2048 22.3550000191
2048 22.385999918
2048 22.4179999828
2048 22.4549999237
2048 22.486000061
2048 22.5179998875
2048 22.5550000668
2048 22.5859999657
2048 22.617000103
2048 22.6549999714
2048 22.6860001087
2048 22.7170000076
2048 22.7550001144
2048 22.7860000134
2048 22.8169999123
2048 22.8550000191
2048 22.885999918
2048 22.9170000553
2048 22.9539999962
2048 22.986000061
2048 23.0169999599
2048 23.0539999008
2048 23.0859999657
2048 23.117000103
2048 23.1549999714
2048 23.1860001087
2048 23.2170000076
2048 23.2490000725
2048 23.2850000858
2048 23.3159999847
2048 23.3380000591
2048 23.3710000515
2048 23.4019999504
2048 23.4330000877
2048 23.4549999237
2048 23.486000061
2048 23.5179998875
2048 23.5550000668
2048 23.5869998932
2048 23.6180000305
2048 23.6559998989
2048 23.6870000362
2048 23.7179999352
2048 23.756000042
2048 23.7869999409
4096 23.8180000782
4096 23.8559999466
4096 23.8870000839
4096 23.9179999828
4096 23.9560000896
4096 23.9869999886
4096 24.0179998875
4096 24.0559999943
4096 24.0880000591
4096 24.118999958
4096 24.1559998989
4096 24.1879999638
4096 24.2190001011
4096 24.2569999695
4096 24.2880001068
4096 24.3190000057
4096 24.3570001125
4096 24.3880000114
4096 24.4189999104
4096 24.4570000172
4096 24.4879999161
4096 24.5190000534
4096 24.5559999943
4096 24.5880000591
4096 24.618999958
4096 24.6570000648
4096 24.6879999638
4096 24.7190001011
4096 24.7569999695
4096 24.7880001068
4096 24.8199999332
4096 24.8570001125
4096 24.8880000114
4096 24.9189999104
4096 24.9570000172
4096 24.9879999161
4096 25.0190000534
4096 25.0569999218
4096 25.0880000591
4096 25.1199998856
4096 25.1570000648
4096 25.1900000572
4096 25.2219998837
4096 25.2569999695
4096 25.2890000343
4096 25.3199999332
4096 25.3580000401
4096 25.388999939
4096 25.4200000763
4096 25.4579999447
4096 25.489000082
4096 25.5199999809
4096 25.5580000877
4096 25.5899999142
4096 25.6210000515
4096 25.6589999199
4096 25.6900000572
4096 25.7209999561
4096 25.7590000629
4096 25.7899999619
4096 25.8210000992
4096 25.8589999676
4096 25.8900001049
4096 25.9210000038
4096 25.9590001106
4096 25.9900000095
4096 26.0209999084
4096 26.0580000877
4096 26.0899999142
4096 26.1210000515
4096 26.1579999924
4096 26.1889998913
4096 26.2209999561
4096 26.257999897
4096 26.2899999619
4096 26.3210000992
4096 26.3589999676
4096 26.3900001049
4096 26.4370000362
4096 26.4590001106
4096 26.4900000095
4096 26.5220000744
4096 26.5590000153
4096 26.5910000801
4096 26.621999979
4096 26.6600000858
4096 26.6909999847
4096 26.7219998837
4096 26.7599999905
4096 26.7909998894
4096 26.8220000267
4096 26.8599998951
4096 26.8919999599
4096 26.9230000973
4096 26.9609999657
4096 26.992000103
4096 27.0230000019
4096 27.0610001087
4096 27.0920000076
4096 27.1229999065
4096 27.1610000134
4096 27.1919999123
4096 27.2239999771
4096 27.260999918
4096 27.2929999828
4096 27.3240001202
4096 27.3619999886
4096 27.3929998875
4096 27.4240000248
4096 27.4619998932
4096 27.4930000305
4096 27.5239999294
4096 27.5610001087
4096 27.5929999352
4096 27.6240000725
4096 27.6610000134
4096 27.6919999123
4096 27.7239999771
4096 27.7620000839
4096 27.7929999828
4096 27.8240001202
4096 27.8619999886
4096 27.8929998875
4096 27.9240000248
4096 27.9609999657
4096 27.9930000305
4096 28.0239999294
4096 28.0620000362
2048 28.0929999352
512 28.1240000725
512 28.1630001068
256 28.1940000057
128 28.2249999046
64 28.2620000839
32 28.2939999104
16 28.3250000477
4 28.3459999561
4 28.378000021
1 28.4089999199
1 28.4409999847
1 28.4630000591
1 28.493999958
1 28.5250000954
1 28.5629999638
1 28.5940001011
1 28.625
1 28.6630001068
1 28.6940000057
1 28.7249999046
1 28.7630000114
1 28.7939999104
1 28.8250000477
1 28.8629999161
1 28.8940000534
1 28.9249999523
1 28.9639999866
1 28.9949998856
1 29.0299999714
1 29.0629999638
1 29.0950000286
1 29.1259999275
1 29.1640000343
1 29.1949999332
1 29.2260000706
1 29.263999939
1 29.2950000763
1 29.3259999752
1 29.364000082
1 29.3949999809
1 29.4260001183
1 29.4639999866
1 29.4960000515
1 29.5269999504
1 29.5639998913
1 29.5950000286
1 29.6259999275
1 29.6640000343
1 29.6949999332
1 29.7269999981
1 29.763999939
1 29.7960000038
1 29.8269999027
1 29.864000082
1 29.8959999084
1 29.9270000458
1 29.9639999866
1 29.9949998856
1 30.0269999504
1 30.0639998913
1 30.0950000286
1 30.1270000935
1 30.1640000343
1 30.1949999332
1 30.2260000706
1 30.263999939
1 30.2950000763
1 30.3259999752
1 30.364000082
1 30.3949999809
1 30.4260001183
1 30.4630000591
1 30.4949998856
1 30.5260000229
1 30.5639998913
1 30.5950000286
1 30.6270000935
1 30.6579999924
1 30.6889998913
1 30.7200000286
1 30.7509999275
1 30.7820000648
1 30.8129999638
1 30.8440001011
1 30.8759999275
1 30.9070000648
1 30.9379999638
1 30.9690001011
1 31.0
1 31.0309998989
1 31.0620000362
1 31.0929999352
1 31.1240000725
1 31.1549999714
1 31.1860001087
1 31.2170000076
1 31.2479999065
1 31.2799999714
1 31.3110001087
1 31.3420000076
1 31.3729999065
1 31.4040000439
1 31.4349999428
1 31.4660000801
1 31.496999979
1 31.5280001163
1 31.5590000153
1 31.5899999142
1 31.6210000515
1 31.6530001163
1 31.6840000153
1 31.7149999142
2 31.7460000515
4 31.7829999924
8 31.8139998913
16 31.8450000286
32 31.8819999695
32 31.9140000343
64 31.9449999332
64 31.9660000801
64 31.9979999065
64 32.0290000439
128 32.0669999123
128 32.0980000496
128 32.1289999485
128 32.1670000553
128 32.1979999542
256 32.2290000916
256 32.2669999599
256 32.2990000248
256 32.3299999237
256 32.367000103
256 32.3980000019
256 32.4300000668
256 32.4670000076
256 32.4990000725
512 32.5299999714
512 32.5680000782
512 32.5989999771
512 32.6300001144
512 32.6670000553
512 32.6990001202
512 32.7300000191
512 32.7669999599
512 32.7990000248
512 32.8299999237
512 32.8680000305
512 32.8989999294
512 32.9300000668
512 32.9670000076
512 32.9990000725
512 33.0299999714
512 33.0669999123
512 33.0989999771
1024 33.1300001144
1024 33.1510000229
1024 33.1830000877
1024 33.2139999866
1024 33.2460000515
1024 33.2669999599
1024 33.2990000248
1024 33.3299999237
1024 33.3680000305
1024 33.3989999294
1024 33.4300000668
1024 33.4679999352
1024 33.4990000725
1024 33.5299999714
1024 33.5520000458
1024 33.5829999447
1024 33.6150000095
1024 33.6459999084
1024 33.6679999828
1024 33.6990001202
1024 33.7300000191
1024 33.7669999599
1024 33.7990000248
1024 33.8299999237
1024 33.867000103
1024 33.8989999294
1024 33.9300000668
1024 33.9670000076
1024 33.9990000725
1024 34.0299999714
1024 34.0669999123
1024 34.0980000496
1024 34.1300001144
1024 34.1670000553
1024 34.1979999542
1024 34.2300000191
2048 34.2669999599
2048 34.2980000973
2048 34.3289999962
2048 34.367000103
2048 34.3980000019
2048 34.4289999008
2048 34.4670000076
2048 34.4979999065
2048 34.5290000439
2048 34.5669999123
2048 34.614000082
2048 34.6449999809
2048 34.6670000553
2048 34.6979999542
2048 34.7290000916
2048 34.7669999599
2048 34.7990000248
2048 34.8299999237
2048 34.867000103
2048 34.8980000019
2048 34.9289999008
2048 34.9670000076
2048 34.9979999065
2048 35.0290000439
2048 35.0510001183
2048 35.0820000172
2048 35.114000082
2048 35.1449999809
2048 35.1670000553
2048 35.1979999542
2048 35.2290000916
2048 35.2669999599
2048 35.2990000248
2048 35.3299999237
2048 35.367000103
2048 35.3989999294
2048 35.4300000668
2048 35.4679999352
2048 35.4990000725
2048 35.5299999714
2048 35.5669999123
2048 35.5989999771
2048 35.6300001144
2048 35.6670000553
2048 35.6979999542
2048 35.7300000191
2048 35.7669999599
2048 35.7990000248
2048 35.8299999237
2048 35.867000103
2048 35.8980000019
2048 35.9300000668
2048 35.9670000076
2048 35.9979999065
2048 36.0290000439
2048 36.0669999123
2048 36.0989999771
2048 36.1300001144
2048 36.1670000553
2048 36.1990001202
2048 36.2300000191
2048 36.2669999599
2048 36.2980000973
2048 36.3299999237
2048 36.367000103
2048 36.3980000019
2048 36.4300000668
2048 36.4670000076
2048 36.4990000725
2048 36.5299999714
2048 36.5680000782
4096 36.5989999771
4096 36.6300001144
4096 36.6670000553
4096 36.6990001202
4096 36.7300000191
4096 36.7679998875
4096 36.7990000248
4096 36.8299999237
4096 36.8680000305
4096 36.8989999294
4096 36.9300000668
4096 36.9679999352
4096 36.9990000725
4096 37.0299999714
4096 37.0680000782
4096 37.0989999771
4096 37.131000042
4096 37.1679999828
4096 37.2000000477
4096 37.2309999466
4096 37.2690000534
4096 37.2999999523
4096 37.3469998837
4096 37.3680000305
4096 37.4000000954
4096 37.4309999943
4096 37.4690001011
4096 37.5
4096 37.5309998989
4096 37.5690000057
4096 37.5999999046
4096 37.631000042
4096 37.6689999104
4096 37.7000000477
4096 37.7320001125
4096 37.7690000534
4096 37.7999999523
4096 37.8310000896
4096 37.868999958
4096 37.9000000954
4096 37.9309999943
4096 37.9690001011
4096 38.0
4096 38.0309998989
4096 38.0690000057
4096 38.0999999046
4096 38.131000042
4096 38.1689999104
4096 38.2000000477
4096 38.2320001125
4096 38.2690000534
4096 38.3010001183
4096 38.3320000172
4096 38.368999958
4096 38.4010000229
4096 38.4319999218
4096 38.4700000286
4096 38.5009999275
4096 38.5320000648
4096 38.5699999332
4096 38.6019999981
4096 38.632999897
4096 38.6700000763
4096 38.7170000076
4096 38.7479999065
4096 38.7699999809
4096 38.8010001183
4096 38.8329999447
4096 38.8699998856
4096 38.9010000229
4096 38.9319999218
4096 38.9700000286
4096 39.0009999275
4096 39.0329999924
4096 39.0699999332
4096 39.1040000916
4096 39.1349999905
4096 39.1700000763
4096 39.2009999752
4096 39.2330000401
4096 39.2699999809
4096 39.3010001183
4096 39.3320000172
4096 39.3699998856
4096 39.4010000229
4096 39.4330000877
4096 39.4709999561
4096 39.5020000935
4096 39.5329999924
4096 39.5699999332
4096 39.6019999981
4096 39.632999897
4096 39.6700000763
4096 39.7009999752
4096 39.7330000401
4096 39.7699999809
4096 39.8010001183
4096 39.8329999447
4096 39.8699998856
4096 39.9010000229
4096 39.9319999218
4096 39.9700000286
4096 40.0009999275
